32 2 2 0
8.60003 0 0 0
0 0 0
8.48081 0 0 0
0 1 0
8.36218 0 0 0
0 2 0
8.24418 0 0 0
0 3 0
8.12683 0 0 0
0 4 0
8.01015 0 0 0
0 5 0
7.89418 0 0 0
0 6 0
7.77893 0 0 0
0 7 0
7.66445 0 0 0
0 8 0
7.55077 0 0 0
0 9 0
7.4379 0 0 0
0 10 0
7.3259 0 0 0
0 11 0
7.2148 0 0 0
0 12 0
7.10464 0 0 0
0 13 0
6.99545 0 0 0
0 14 0
6.88727 0 0 0
0 15 0
6.78016 0 0 0
0 16 0
6.67416 0 0 0
0 17 0
6.56932 0 0 0
0 18 0
6.46568 0 0 0
0 19 0
6.3633 0 0 0
0 20 0
6.26223 0 0 0
0 21 0
6.16254 0 0 0
0 22 0
6.06428 0 0 0
0 23 0
5.96752 0 0 0
0 24 0
5.87232 0 0 0
0 25 0
5.77874 0 0 0
0 26 0
5.68687 0 0 0
0 27 0
5.59676 0 0 0
0 28 0
5.50849 0 0 0
0 29 0
5.42214 0 0 0
0 30 0
5.33779 0 0 0
0 31 0
8.47071 0 0 0
1 0 0
8.34982 0 0 0
1 1 0
8.22949 0 0 0
1 2 0
8.10975 0 0 0
1 3 0
7.99062 0 0 0
1 4 0
7.87213 0 0 0
1 5 0
7.7543 0 0 0
1 6 0
7.63717 0 0 0
1 7 0
7.52075 0 0 0
1 8 0
7.40509 0 0 0
1 9 0
7.29021 0 0 0
1 10 0
7.17615 0 0 0
1 11 0
7.06294 0 0 0
1 12 0
6.95063 0 0 0
1 13 0
6.83925 0 0 0
1 14 0
6.72884 0 0 0
1 15 0
6.61945 0 0 0
1 16 0
6.51113 0 0 0
1 17 0
6.40391 0 0 0
1 18 0
6.29786 0 0 0
1 19 0
6.19303 0 0 0
1 20 0
6.08947 0 0 0
1 21 0
5.98725 0 0 0
1 22 0
5.88641 0 0 0
1 23 0
5.78704 0 0 0
1 24 0
5.68919 0 0 0
1 25 0
5.59293 0 0 0
1 26 0
5.49835 0 0 0
1 27 0
5.40551 0 0 0
1 28 0
5.31449 0 0 0
1 29 0
5.22538 0 0 0
1 30 0
5.13825 0 0 0
1 31 0
8.34633 0 0 0
2 0 0
8.22379 0 0 0
2 1 0
8.10179 0 0 0
2 2 0
7.98033 0 0 0
2 3 0
7.85944 0 0 0
2 4 0
7.73915 0 0 0
2 5 0
7.61948 0 0 0
2 6 0
7.50046 0 0 0
2 7 0
7.38212 0 0 0
2 8 0
7.26449 0 0 0
2 9 0
7.14759 0 0 0
2 10 0
7.03147 0 0 0
2 11 0
6.91616 0 0 0
2 12 0
6.80169 0 0 0
2 13 0
6.68811 0 0 0
2 14 0
6.57546 0 0 0
2 15 0
6.46377 0 0 0
2 16 0
6.3531 0 0 0
2 17 0
6.24349 0 0 0
2 18 0
6.13499 0 0 0
2 19 0
6.02767 0 0 0
2 20 0
5.92157 0 0 0
2 21 0
5.81675 0 0 0
2 22 0
5.71328 0 0 0
2 23 0
5.61123 0 0 0
2 24 0
5.51065 0 0 0
2 25 0
5.41163 0 0 0
2 26 0
5.31424 0 0 0
2 27 0
5.21856 0 0 0
2 28 0
5.12468 0 0 0
2 29 0
5.03267 0 0 0
2 30 0
4.94263 0 0 0
2 31 0
8.22707 0 0 0
3 0 0
8.10293 0 0 0
3 1 0
7.97927 0 0 0
3 2 0
7.85612 0 0 0
3 3 0
7.7335 0 0 0
3 4 0
7.61143 0 0 0
3 5 0
7.48994 0 0 0
3 6 0
7.36906 0 0 0
3 7 0
7.24881 0 0 0
3 8 0
7.12923 0 0 0
3 9 0
7.01033 0 0 0
3 10 0
6.89216 0 0 0
3 11 0
6.77475 0 0 0
3 12 0
6.65813 0 0 0
3 13 0
6.54234 0 0 0
3 14 0
6.42743 0 0 0
3 15 0
6.31344 0 0 0
3 16 0
6.2004 0 0 0
3 17 0
6.08838 0 0 0
3 18 0
5.97741 0 0 0
3 19 0
5.86756 0 0 0
3 20 0
5.75888 0 0 0
3 21 0
5.65143 0 0 0
3 22 0
5.54527 0 0 0
3 23 0
5.44047 0 0 0
3 24 0
5.3371 0 0 0
3 25 0
5.23524 0 0 0
3 26 0
5.13496 0 0 0
3 27 0
5.03634 0 0 0
3 28 0
4.93947 0 0 0
3 29 0
4.84445 0 0 0
3 30 0
4.75136 0 0 0
3 31 0
8.11314 0 0 0
4 0 0
7.98741 0 0 0
4 1 0
7.86214 0 0 0
4 2 0
7.73733 0 0 0
4 3 0
7.61301 0 0 0
4 4 0
7.4892 0 0 0
4 5 0
7.36592 0 0 0
4 6 0
7.24321 0 0 0
4 7 0
7.12108 0 0 0
4 8 0
6.99956 0 0 0
4 9 0
6.87868 0 0 0
4 10 0
6.75848 0 0 0
4 11 0
6.63899 0 0 0
4 12 0
6.52023 0 0 0
4 13 0
6.40225 0 0 0
4 14 0
6.28509 0 0 0
4 15 0
6.16879 0 0 0
4 16 0
6.05339 0 0 0
4 17 0
5.93894 0 0 0
4 18 0
5.82549 0 0 0
4 19 0
5.71309 0 0 0
4 20 0
5.6018 0 0 0
4 21 0
5.49168 0 0 0
4 22 0
5.38279 0 0 0
4 23 0
5.2752 0 0 0
4 24 0
5.16897 0 0 0
4 25 0
5.06419 0 0 0
4 26 0
4.96094 0 0 0
4 27 0
4.85929 0 0 0
4 28 0
4.75934 0 0 0
4 29 0
4.66119 0 0 0
4 30 0
4.56492 0 0 0
4 31 0
8.00471 0 0 0
5 0 0
7.87745 0 0 0
5 1 0
7.7506 0 0 0
5 2 0
7.62417 0 0 0
5 3 0
7.49819 0 0 0
5 4 0
7.37268 0 0 0
5 5 0
7.24765 0 0 0
5 6 0
7.12314 0 0 0
5 7 0
6.99917 0 0 0
5 8 0
6.87575 0 0 0
5 9 0
6.75293 0 0 0
5 10 0
6.63073 0 0 0
5 11 0
6.50918 0 0 0
5 12 0
6.38831 0 0 0
5 13 0
6.26816 0 0 0
5 14 0
6.14877 0 0 0
5 15 0
6.03017 0 0 0
5 16 0
5.91242 0 0 0
5 17 0
5.79555 0 0 0
5 18 0
5.67961 0 0 0
5 19 0
5.56466 0 0 0
5 20 0
5.45074 0 0 0
5 21 0
5.33793 0 0 0
5 22 0
5.22628 0 0 0
5 23 0
5.11585 0 0 0
5 24 0
5.00673 0 0 0
5 25 0
4.89898 0 0 0
5 26 0
4.79268 0 0 0
5 27 0
4.68792 0 0 0
5 28 0
4.58479 0 0 0
5 29 0
4.4834 0 0 0
5 30 0
4.38383 0 0 0
5 31 0
7.90196 0 0 0
6 0 0
7.77322 0 0 0
6 1 0
7.64484 0 0 0
6 2 0
7.51685 0 0 0
6 3 0
7.38926 0 0 0
6 4 0
7.26209 0 0 0
6 5 0
7.13537 0 0 0
6 6 0
7.00911 0 0 0
6 7 0
6.88334 0 0 0
6 8 0
6.75807 0 0 0
6 9 0
6.63335 0 0 0
6 10 0
6.50918 0 0 0
6 11 0
6.38562 0 0 0
6 12 0
6.26267 0 0 0
6 13 0
6.14039 0 0 0
6 14 0
6.01879 0 0 0
6 15 0
5.89793 0 0 0
6 16 0
5.77784 0 0 0
6 17 0
5.65857 0 0 0
6 18 0
5.54016 0 0 0
6 19 0
5.42266 0 0 0
6 20 0
5.30613 0 0 0
6 21 0
5.19062 0 0 0
6 22 0
5.07619 0 0 0
6 23 0
4.96292 0 0 0
6 24 0
4.85086 0 0 0
6 25 0
4.74009 0 0 0
6 26 0
4.6307 0 0 0
6 27 0
4.52276 0 0 0
6 28 0
4.41638 0 0 0
6 29 0
4.31165 0 0 0
6 30 0
4.20867 0 0 0
6 31 0
7.80508 0 0 0
7 0 0
7.67491 0 0 0
7 1 0
7.54506 0 0 0
7 2 0
7.41557 0 0 0
7 3 0
7.28643 0 0 0
7 4 0
7.15766 0 0 0
7 5 0
7.0293 0 0 0
7 6 0
6.90135 0 0 0
7 7 0
6.77383 0 0 0
7 8 0
6.64677 0 0 0
7 9 0
6.5202 0 0 0
7 10 0
6.39413 0 0 0
7 11 0
6.2686 0 0 0
7 12 0
6.14363 0 0 0
7 13 0
6.01926 0 0 0
7 14 0
5.89551 0 0 0
7 15 0
5.77243 0 0 0
7 16 0
5.65005 0 0 0
7 17 0
5.52841 0 0 0
7 18 0
5.40756 0 0 0
7 19 0
5.28754 0 0 0
7 20 0
5.16841 0 0 0
7 21 0
5.05022 0 0 0
7 22 0
4.93302 0 0 0
7 23 0
4.81689 0 0 0
7 24 0
4.70188 0 0 0
7 25 0
4.58808 0 0 0
7 26 0
4.47556 0 0 0
7 27 0
4.3644 0 0 0
7 28 0
4.25471 0 0 0
7 29 0
4.14657 0 0 0
7 30 0
4.04009 0 0 0
7 31 0
7.71427 0 0 0
8 0 0
7.58272 0 0 0
8 1 0
7.45147 0 0 0
8 2 0
7.32052 0 0 0
8 3 0
7.18989 0 0 0
8 4 0
7.0596 0 0 0
8 5 0
6.92966 0 0 0
8 6 0
6.80008 0 0 0
8 7 0
6.67089 0 0 0
8 8 0
6.54211 0 0 0
8 9 0
6.41376 0 0 0
8 10 0
6.28585 0 0 0
8 11 0
6.15842 0 0 0
8 12 0
6.03149 0 0 0
8 13 0
5.9051 0 0 0
8 14 0
5.77926 0 0 0
8 15 0
5.65401 0 0 0
8 16 0
5.5294 0 0 0
8 17 0
5.40545 0 0 0
8 18 0
5.28221 0 0 0
8 19 0
5.15972 0 0 0
8 20 0
5.03803 0 0 0
8 21 0
4.91719 0 0 0
8 22 0
4.79725 0 0 0
8 23 0
4.67829 0 0 0
8 24 0
4.56035 0 0 0
8 25 0
4.44351 0 0 0
8 26 0
4.32786 0 0 0
8 27 0
4.21346 0 0 0
8 28 0
4.10041 0 0 0
8 29 0
3.98881 0 0 0
8 30 0
3.87876 0 0 0
8 31 0
7.62975 0 0 0
9 0 0
7.49689 0 0 0
9 1 0
7.36429 0 0 0
9 2 0
7.23196 0 0 0
9 3 0
7.0999 0 0 0
9 4 0
6.96814 0 0 0
9 5 0
6.83668 0 0 0
9 6 0
6.70555 0 0 0
9 7 0
6.57476 0 0 0
9 8 0
6.44433 0 0 0
9 9 0
6.31427 0 0 0
9 10 0
6.18461 0 0 0
9 11 0
6.05536 0 0 0
9 12 0
5.92656 0 0 0
9 13 0
5.79822 0 0 0
9 14 0
5.67037 0 0 0
9 15 0
5.54304 0 0 0
9 16 0
5.41627 0 0 0
9 17 0
5.29008 0 0 0
9 18 0
5.16452 0 0 0
9 19 0
5.03963 0 0 0
9 20 0
4.91544 0 0 0
9 21 0
4.79202 0 0 0
9 22 0
4.6694 0 0 0
9 23 0
4.54765 0 0 0
9 24 0
4.42682 0 0 0
9 25 0
4.30698 0 0 0
9 26 0
4.18821 0 0 0
9 27 0
4.07058 0 0 0
9 28 0
3.95418 0 0 0
9 29 0
3.83911 0 0 0
9 30 0
3.72545 0 0 0
9 31 0
7.55167 0 0 0
10 0 0
7.41759 0 0 0
10 1 0
7.28373 0 0 0
10 2 0
7.15009 0 0 0
10 3 0
7.01669 0 0 0
10 4 0
6.88354 0 0 0
10 5 0
6.75065 0 0 0
10 6 0
6.61804 0 0 0
10 7 0
6.48573 0 0 0
10 8 0
6.35371 0 0 0
10 9 0
6.22203 0 0 0
10 10 0
6.09068 0 0 0
10 11 0
5.9597 0 0 0
10 12 0
5.82911 0 0 0
10 13 0
5.69892 0 0 0
10 14 0
5.56915 0 0 0
10 15 0
5.43984 0 0 0
10 16 0
5.31101 0 0 0
10 17 0
5.18268 0 0 0
10 18 0
5.0549 0 0 0
10 19 0
4.92769 0 0 0
10 20 0
4.80111 0 0 0
10 21 0
4.67518 0 0 0
10 22 0
4.54997 0 0 0
10 23 0
4.42551 0 0 0
10 24 0
4.30186 0 0 0
10 25 0
4.17909 0 0 0
10 26 0
4.05727 0 0 0
10 27 0
3.93645 0 0 0
10 28 0
3.81674 0 0 0
10 29 0
3.6982 0 0 0
10 30 0
3.58095 0 0 0
10 31 0
7.4802 0 0 0
11 0 0
7.34498 0 0 0
11 1 0
7.20995 0 0 0
11 2 0
7.0751 0 0 0
11 3 0
6.94045 0 0 0
11 4 0
6.80601 0 0 0
11 5 0
6.67179 0 0 0
11 6 0
6.5378 0 0 0
11 7 0
6.40405 0 0 0
11 8 0
6.27056 0 0 0
11 9 0
6.13735 0 0 0
11 10 0
6.00442 0 0 0
11 11 0
5.8718 0 0 0
11 12 0
5.7395 0 0 0
11 13 0
5.60754 0 0 0
11 14 0
5.47595 0 0 0
11 15 0
5.34475 0 0 0
11 16 0
5.21396 0 0 0
11 17 0
5.08361 0 0 0
11 18 0
4.95372 0 0 0
11 19 0
4.82432 0 0 0
11 20 0
4.69545 0 0 0
11 21 0
4.56715 0 0 0
11 22 0
4.43945 0 0 0
11 23 0
4.31239 0 0 0
11 24 0
4.18604 0 0 0
11 25 0
4.06044 0 0 0
11 26 0
3.93566 0 0 0
11 27 0
3.81176 0 0 0
11 28 0
3.6888 0 0 0
11 29 0
3.56689 0 0 0
11 30 0
3.44609 0 0 0
11 31 0
7.41546 0 0 0
12 0 0
7.2792 0 0 0
12 1 0
7.14309 0 0 0
12 2 0
7.00713 0 0 0
12 3 0
6.87134 0 0 0
12 4 0
6.73571 0 0 0
12 5 0
6.60026 0 0 0
12 6 0
6.465 0 0 0
12 7 0
6.32994 0 0 0
12 8 0
6.19509 0 0 0
12 9 0
6.06046 0 0 0
12 10 0
5.92607 0 0 0
12 11 0
5.79193 0 0 0
12 12 0
5.65805 0 0 0
12 13 0
5.52446 0 0 0
12 14 0
5.39116 0 0 0
12 15 0
5.25819 0 0 0
12 16 0
5.12555 0 0 0
12 17 0
4.99328 0 0 0
12 18 0
4.86139 0 0 0
12 19 0
4.72992 0 0 0
12 20 0
4.59889 0 0 0
12 21 0
4.46835 0 0 0
12 22 0
4.33831 0 0 0
12 23 0
4.20881 0 0 0
12 24 0
4.0799 0 0 0
12 25 0
3.95162 0 0 0
12 26 0
3.82402 0 0 0
12 27 0
3.69716 0 0 0
12 28 0
3.57111 0 0 0
12 29 0
3.44593 0 0 0
12 30 0
3.32171 0 0 0
12 31 0
7.35758 0 0 0
13 0 0
7.22038 0 0 0
13 1 0
7.0833 0 0 0
13 2 0
6.94634 0 0 0
13 3 0
6.80951 0 0 0
13 4 0
6.67281 0 0 0
13 5 0
6.53625 0 0 0
13 6 0
6.39984 0 0 0
13 7 0
6.26358 0 0 0
13 8 0
6.1275 0 0 0
13 9 0
5.99159 0 0 0
13 10 0
5.85587 0 0 0
13 11 0
5.72034 0 0 0
13 12 0
5.58503 0 0 0
13 13 0
5.44994 0 0 0
13 14 0
5.31509 0 0 0
13 15 0
5.18049 0 0 0
13 16 0
5.04616 0 0 0
13 17 0
4.91212 0 0 0
13 18 0
4.77839 0 0 0
13 19 0
4.645 0 0 0
13 20 0
4.51196 0 0 0
13 21 0
4.3793 0 0 0
13 22 0
4.24706 0 0 0
13 23 0
4.11527 0 0 0
13 24 0
3.98395 0 0 0
13 25 0
3.85316 0 0 0
13 26 0
3.72294 0 0 0
13 27 0
3.59331 0 0 0
13 28 0
3.46435 0 0 0
13 29 0
3.3361 0 0 0
13 30 0
3.20863 0 0 0
13 31 0
7.30666 0 0 0
14 0 0
7.16863 0 0 0
14 1 0
7.03069 0 0 0
14 2 0
6.89284 0 0 0
14 3 0
6.75508 0 0 0
14 4 0
6.61743 0 0 0
14 5 0
6.47988 0 0 0
14 6 0
6.34245 0 0 0
14 7 0
6.20514 0 0 0
14 8 0
6.06795 0 0 0
14 9 0
5.9309 0 0 0
14 10 0
5.79399 0 0 0
14 11 0
5.65724 0 0 0
14 12 0
5.52064 0 0 0
14 13 0
5.38421 0 0 0
14 14 0
5.24797 0 0 0
14 15 0
5.11192 0 0 0
14 16 0
4.97607 0 0 0
14 17 0
4.84045 0 0 0
14 18 0
4.70507 0 0 0
14 19 0
4.56994 0 0 0
14 20 0
4.43508 0 0 0
14 21 0
4.30052 0 0 0
14 22 0
4.16628 0 0 0
14 23 0
4.03238 0 0 0
14 24 0
3.89886 0 0 0
14 25 0
3.76574 0 0 0
14 26 0
3.63306 0 0 0
14 27 0
3.50086 0 0 0
14 28 0
3.36918 0 0 0
14 29 0
3.23808 0 0 0
14 30 0
3.10761 0 0 0
14 31 0
7.26278 0 0 0
15 0 0
7.12402 0 0 0
15 1 0
6.98534 0 0 0
15 2 0
6.84671 0 0 0
15 3 0
6.70816 0 0 0
15 4 0
6.56968 0 0 0
15 5 0
6.43128 0 0 0
15 6 0
6.29297 0 0 0
15 7 0
6.15473 0 0 0
15 8 0
6.01659 0 0 0
15 9 0
5.87855 0 0 0
15 10 0
5.74061 0 0 0
15 11 0
5.60278 0 0 0
15 12 0
5.46507 0 0 0
15 13 0
5.32747 0 0 0
15 14 0
5.19001 0 0 0
15 15 0
5.0527 0 0 0
15 16 0
4.91553 0 0 0
15 17 0
4.77852 0 0 0
15 18 0
4.64169 0 0 0
15 19 0
4.50504 0 0 0
15 20 0
4.36859 0 0 0
15 21 0
4.23235 0 0 0
15 22 0
4.09635 0 0 0
15 23 0
3.9606 0 0 0
15 24 0
3.82512 0 0 0
15 25 0
3.68994 0 0 0
15 26 0
3.55508 0 0 0
15 27 0
3.42057 0 0 0
15 28 0
3.28645 0 0 0
15 29 0
3.15275 0 0 0
15 30 0
3.01952 0 0 0
15 31 0
7.22599 0 0 0
16 0 0
7.08663 0 0 0
16 1 0
6.94732 0 0 0
16 2 0
6.80805 0 0 0
16 3 0
6.66883 0 0 0
16 4 0
6.52965 0 0 0
16 5 0
6.39053 0 0 0
16 6 0
6.25147 0 0 0
16 7 0
6.11246 0 0 0
16 8 0
5.97352 0 0 0
16 9 0
5.83464 0 0 0
16 10 0
5.69583 0 0 0
16 11 0
5.5571 0 0 0
16 12 0
5.41844 0 0 0
16 13 0
5.27987 0 0 0
16 14 0
5.14139 0 0 0
16 15 0
5.003 0 0 0
16 16 0
4.86471 0 0 0
16 17 0
4.72653 0 0 0
16 18 0
4.58847 0 0 0
16 19 0
4.45054 0 0 0
16 20 0
4.31274 0 0 0
16 21 0
4.17508 0 0 0
16 22 0
4.03758 0 0 0
16 23 0
3.90025 0 0 0
16 24 0
3.76311 0 0 0
16 25 0
3.62617 0 0 0
16 26 0
3.48945 0 0 0
16 27 0
3.35296 0 0 0
16 28 0
3.21674 0 0 0
16 29 0
3.08081 0 0 0
16 30 0
2.9452 0 0 0
16 31 0
7.19633 0 0 0
17 0 0
7.05648 0 0 0
17 1 0
6.91667 0 0 0
17 2 0
6.77687 0 0 0
17 3 0
6.63711 0 0 0
17 4 0
6.49738 0 0 0
17 5 0
6.35768 0 0 0
17 6 0
6.21802 0 0 0
17 7 0
6.07839 0 0 0
17 8 0
5.9388 0 0 0
17 9 0
5.79924 0 0 0
17 10 0
5.65974 0 0 0
17 11 0
5.52027 0 0 0
17 12 0
5.38086 0 0 0
17 13 0
5.24149 0 0 0
17 14 0
5.10218 0 0 0
17 15 0
4.96293 0 0 0
17 16 0
4.82374 0 0 0
17 17 0
4.68462 0 0 0
17 18 0
4.54556 0 0 0
17 19 0
4.40659 0 0 0
17 20 0
4.2677 0 0 0
17 21 0
4.12889 0 0 0
17 22 0
3.99018 0 0 0
17 23 0
3.85158 0 0 0
17 24 0
3.71309 0 0 0
17 25 0
3.57472 0 0 0
17 26 0
3.43648 0 0 0
17 27 0
3.29839 0 0 0
17 28 0
3.16047 0 0 0
17 29 0
3.02271 0 0 0
17 30 0
2.88516 0 0 0
17 31 0
7.17381 0 0 0
18 0 0
7.03359 0 0 0
18 1 0
6.89339 0 0 0
18 2 0
6.75321 0 0 0
18 3 0
6.61304 0 0 0
18 4 0
6.47288 0 0 0
18 5 0
6.33275 0 0 0
18 6 0
6.19263 0 0 0
18 7 0
6.05252 0 0 0
18 8 0
5.91244 0 0 0
18 9 0
5.77238 0 0 0
18 10 0
5.63235 0 0 0
18 11 0
5.49233 0 0 0
18 12 0
5.35234 0 0 0
18 13 0
5.21238 0 0 0
18 14 0
5.07244 0 0 0
18 15 0
4.93254 0 0 0
18 16 0
4.79267 0 0 0
18 17 0
4.65283 0 0 0
18 18 0
4.51303 0 0 0
18 19 0
4.37327 0 0 0
18 20 0
4.23355 0 0 0
18 21 0
4.09388 0 0 0
18 22 0
3.95426 0 0 0
18 23 0
3.81469 0 0 0
18 24 0
3.67518 0 0 0
18 25 0
3.53573 0 0 0
18 26 0
3.39635 0 0 0
18 27 0
3.25705 0 0 0
18 28 0
3.11783 0 0 0
18 29 0
2.9787 0 0 0
18 30 0
2.83967 0 0 0
18 31 0
7.15841 0 0 0
19 0 0
7.01794 0 0 0
19 1 0
6.87748 0 0 0
19 2 0
6.73703 0 0 0
19 3 0
6.59658 0 0 0
19 4 0
6.45614 0 0 0
19 5 0
6.31571 0 0 0
19 6 0
6.17528 0 0 0
19 7 0
6.03486 0 0 0
19 8 0
5.89444 0 0 0
19 9 0
5.75404 0 0 0
19 10 0
5.61364 0 0 0
19 11 0
5.47325 0 0 0
19 12 0
5.33288 0 0 0
19 13 0
5.19251 0 0 0
19 14 0
5.05215 0 0 0
19 15 0
4.91181 0 0 0
19 16 0
4.77147 0 0 0
19 17 0
4.63115 0 0 0
19 18 0
4.49085 0 0 0
19 19 0
4.35056 0 0 0
19 20 0
4.21028 0 0 0
19 21 0
4.07003 0 0 0
19 22 0
3.92979 0 0 0
19 23 0
3.78957 0 0 0
19 24 0
3.64937 0 0 0
19 25 0
3.5092 0 0 0
19 26 0
3.36906 0 0 0
19 27 0
3.22894 0 0 0
19 28 0
3.08885 0 0 0
19 29 0
2.9488 0 0 0
19 30 0
2.80879 0 0 0
19 31 0
7.15009 0 0 0
20 0 0
7.00949 0 0 0
20 1 0
6.86889 0 0 0
20 2 0
6.72829 0 0 0
20 3 0
6.5877 0 0 0
20 4 0
6.4471 0 0 0
20 5 0
6.30651 0 0 0
20 6 0
6.16591 0 0 0
20 7 0
6.02532 0 0 0
20 8 0
5.88473 0 0 0
20 9 0
5.74414 0 0 0
20 10 0
5.60356 0 0 0
20 11 0
5.46297 0 0 0
20 12 0
5.32238 0 0 0
20 13 0
5.1818 0 0 0
20 14 0
5.04122 0 0 0
20 15 0
4.90064 0 0 0
20 16 0
4.76006 0 0 0
20 17 0
4.61949 0 0 0
20 18 0
4.47891 0 0 0
20 19 0
4.33834 0 0 0
20 20 0
4.19778 0 0 0
20 21 0
4.05721 0 0 0
20 22 0
3.91665 0 0 0
20 23 0
3.77609 0 0 0
20 24 0
3.63553 0 0 0
20 25 0
3.49498 0 0 0
20 26 0
3.35443 0 0 0
20 27 0
3.21389 0 0 0
20 28 0
3.07335 0 0 0
20 29 0
2.93282 0 0 0
20 30 0
2.79229 0 0 0
20 31 0
7.14878 0 0 0
21 0 0
7.00816 0 0 0
21 1 0
6.86754 0 0 0
21 2 0
6.72692 0 0 0
21 3 0
6.5863 0 0 0
21 4 0
6.44568 0 0 0
21 5 0
6.30506 0 0 0
21 6 0
6.16444 0 0 0
21 7 0
6.02382 0 0 0
21 8 0
5.88321 0 0 0
21 9 0
5.74259 0 0 0
21 10 0
5.60197 0 0 0
21 11 0
5.46135 0 0 0
21 12 0
5.32074 0 0 0
21 13 0
5.18012 0 0 0
21 14 0
5.0395 0 0 0
21 15 0
4.89889 0 0 0
21 16 0
4.75827 0 0 0
21 17 0
4.61766 0 0 0
21 18 0
4.47704 0 0 0
21 19 0
4.33643 0 0 0
21 20 0
4.19582 0 0 0
21 21 0
4.0552 0 0 0
21 22 0
3.91459 0 0 0
21 23 0
3.77398 0 0 0
21 24 0
3.63337 0 0 0
21 25 0
3.49276 0 0 0
21 26 0
3.35215 0 0 0
21 27 0
3.21154 0 0 0
21 28 0
3.07093 0 0 0
21 29 0
2.93033 0 0 0
21 30 0
2.78972 0 0 0
21 31 0
7.15444 0 0 0
22 0 0
7.01391 0 0 0
22 1 0
6.87338 0 0 0
22 2 0
6.73286 0 0 0
22 3 0
6.59234 0 0 0
22 4 0
6.45183 0 0 0
22 5 0
6.31132 0 0 0
22 6 0
6.17081 0 0 0
22 7 0
6.03031 0 0 0
22 8 0
5.88981 0 0 0
22 9 0
5.74931 0 0 0
22 10 0
5.60882 0 0 0
22 11 0
5.46834 0 0 0
22 12 0
5.32786 0 0 0
22 13 0
5.18739 0 0 0
22 14 0
5.04693 0 0 0
22 15 0
4.90647 0 0 0
22 16 0
4.76602 0 0 0
22 17 0
4.62558 0 0 0
22 18 0
4.48514 0 0 0
22 19 0
4.34471 0 0 0
22 20 0
4.2043 0 0 0
22 21 0
4.06389 0 0 0
22 22 0
3.9235 0 0 0
22 23 0
3.78311 0 0 0
22 24 0
3.64274 0 0 0
22 25 0
3.50239 0 0 0
22 26 0
3.36205 0 0 0
22 27 0
3.22172 0 0 0
22 28 0
3.08142 0 0 0
22 29 0
2.94113 0 0 0
22 30 0
2.80087 0 0 0
22 31 0
7.16714 0 0 0
23 0 0
7.02682 0 0 0
23 1 0
6.88651 0 0 0
23 2 0
6.7462 0 0 0
23 3 0
6.60591 0 0 0
23 4 0
6.46563 0 0 0
23 5 0
6.32537 0 0 0
23 6 0
6.18511 0 0 0
23 7 0
6.04487 0 0 0
23 8 0
5.90465 0 0 0
23 9 0
5.76443 0 0 0
23 10 0
5.62424 0 0 0
23 11 0
5.48406 0 0 0
23 12 0
5.3439 0 0 0
23 13 0
5.20376 0 0 0
23 14 0
5.06365 0 0 0
23 15 0
4.92355 0 0 0
23 16 0
4.78348 0 0 0
23 17 0
4.64343 0 0 0
23 18 0
4.50341 0 0 0
23 19 0
4.36341 0 0 0
23 20 0
4.22345 0 0 0
23 21 0
4.08353 0 0 0
23 22 0
3.94363 0 0 0
23 23 0
3.80378 0 0 0
23 24 0
3.66397 0 0 0
23 25 0
3.52421 0 0 0
23 26 0
3.3845 0 0 0
23 27 0
3.24484 0 0 0
23 28 0
3.10524 0 0 0
23 29 0
2.96571 0 0 0
23 30 0
2.82625 0 0 0
23 31 0
7.18695 0 0 0
24 0 0
7.04695 0 0 0
24 1 0
6.90697 0 0 0
24 2 0
6.76702 0 0 0
24 3 0
6.62709 0 0 0
24 4 0
6.48718 0 0 0
24 5 0
6.3473 0 0 0
24 6 0
6.20744 0 0 0
24 7 0
6.06761 0 0 0
24 8 0
5.92782 0 0 0
24 9 0
5.78805 0 0 0
24 10 0
5.64832 0 0 0
24 11 0
5.50863 0 0 0
24 12 0
5.36898 0 0 0
24 13 0
5.22936 0 0 0
24 14 0
5.08979 0 0 0
24 15 0
4.95027 0 0 0
24 16 0
4.81079 0 0 0
24 17 0
4.67137 0 0 0
24 18 0
4.53201 0 0 0
24 19 0
4.3927 0 0 0
24 20 0
4.25347 0 0 0
24 21 0
4.1143 0 0 0
24 22 0
3.97522 0 0 0
24 23 0
3.83621 0 0 0
24 24 0
3.6973 0 0 0
24 25 0
3.55848 0 0 0
24 26 0
3.41977 0 0 0
24 27 0
3.28118 0 0 0
24 28 0
3.14272 0 0 0
24 29 0
3.0044 0 0 0
24 30 0
2.86624 0 0 0
24 31 0
7.2139 0 0 0
25 0 0
7.07434 0 0 0
25 1 0
6.93482 0 0 0
25 2 0
6.79534 0 0 0
25 3 0
6.6559 0 0 0
25 4 0
6.5165 0 0 0
25 5 0
6.37715 0 0 0
25 6 0
6.23784 0 0 0
25 7 0
6.09858 0 0 0
25 8 0
5.95937 0 0 0
25 9 0
5.82022 0 0 0
25 10 0
5.68113 0 0 0
25 11 0
5.5421 0 0 0
25 12 0
5.40314 0 0 0
25 13 0
5.26424 0 0 0
25 14 0
5.12543 0 0 0
25 15 0
4.98669 0 0 0
25 16 0
4.84804 0 0 0
25 17 0
4.70948 0 0 0
25 18 0
4.57102 0 0 0
25 19 0
4.43267 0 0 0
25 20 0
4.29443 0 0 0
25 21 0
4.15631 0 0 0
25 22 0
4.01833 0 0 0
25 23 0
3.8805 0 0 0
25 24 0
3.74282 0 0 0
25 25 0
3.60531 0 0 0
25 26 0
3.46799 0 0 0
25 27 0
3.33087 0 0 0
25 28 0
3.19398 0 0 0
25 29 0
3.05734 0 0 0
25 30 0
2.92097 0 0 0
25 31 0
7.248 0 0 0
26 0 0
7.10901 0 0 0
26 1 0
6.97007 0 0 0
26 2 0
6.83119 0 0 0
26 3 0
6.69237 0 0 0
26 4 0
6.55362 0 0 0
26 5 0
6.41493 0 0 0
26 6 0
6.27631 0 0 0
26 7 0
6.13778 0 0 0
26 8 0
5.99932 0 0 0
26 9 0
5.86094 0 0 0
26 10 0
5.72266 0 0 0
26 11 0
5.58447 0 0 0
26 12 0
5.44639 0 0 0
26 13 0
5.30841 0 0 0
26 14 0
5.17055 0 0 0
26 15 0
5.03281 0 0 0
26 16 0
4.89521 0 0 0
26 17 0
4.75774 0 0 0
26 18 0
4.62043 0 0 0
26 19 0
4.48328 0 0 0
26 20 0
4.34631 0 0 0
26 21 0
4.20952 0 0 0
26 22 0
4.07295 0 0 0
26 23 0
3.93659 0 0 0
26 24 0
3.80048 0 0 0
26 25 0
3.66462 0 0 0
26 26 0
3.52906 0 0 0
26 27 0
3.39381 0 0 0
26 28 0
3.2589 0 0 0
26 29 0
3.12437 0 0 0
26 30 0
2.99026 0 0 0
26 31 0
7.28923 0 0 0
27 0 0
7.15092 0 0 0
27 1 0
7.01268 0 0 0
27 2 0
6.87453 0 0 0
27 3 0
6.73646 0 0 0
27 4 0
6.59849 0 0 0
27 5 0
6.46061 0 0 0
27 6 0
6.32283 0 0 0
27 7 0
6.18517 0 0 0
27 8 0
6.04761 0 0 0
27 9 0
5.91018 0 0 0
27 10 0
5.77287 0 0 0
27 11 0
5.6357 0 0 0
27 12 0
5.49867 0 0 0
27 13 0
5.3618 0 0 0
27 14 0
5.22509 0 0 0
27 15 0
5.08856 0 0 0
27 16 0
4.95221 0 0 0
27 17 0
4.81607 0 0 0
27 18 0
4.68014 0 0 0
27 19 0
4.54444 0 0 0
27 20 0
4.40898 0 0 0
27 21 0
4.2738 0 0 0
27 22 0
4.13891 0 0 0
27 23 0
4.00432 0 0 0
27 24 0
3.87008 0 0 0
27 25 0
3.73621 0 0 0
27 26 0
3.60274 0 0 0
27 27 0
3.46971 0 0 0
27 28 0
3.33717 0 0 0
27 29 0
3.20515 0 0 0
27 30 0
3.07372 0 0 0
27 31 0
7.33755 0 0 0
28 0 0
7.20003 0 0 0
28 1 0
7.06262 0 0 0
28 2 0
6.92531 0 0 0
28 3 0
6.78813 0 0 0
28 4 0
6.65106 0 0 0
28 5 0
6.51413 0 0 0
28 6 0
6.37733 0 0 0
28 7 0
6.24068 0 0 0
28 8 0
6.10418 0 0 0
28 9 0
5.96784 0 0 0
28 10 0
5.83167 0 0 0
28 11 0
5.69568 0 0 0
28 12 0
5.55989 0 0 0
28 13 0
5.4243 0 0 0
28 14 0
5.28893 0 0 0
28 15 0
5.1538 0 0 0
28 16 0
5.01891 0 0 0
28 17 0
4.88429 0 0 0
28 18 0
4.74996 0 0 0
28 19 0
4.61594 0 0 0
28 20 0
4.48224 0 0 0
28 21 0
4.3489 0 0 0
28 22 0
4.21595 0 0 0
28 23 0
4.08341 0 0 0
28 24 0
3.95132 0 0 0
28 25 0
3.81972 0 0 0
28 26 0
3.68865 0 0 0
28 27 0
3.55816 0 0 0
28 28 0
3.4283 0 0 0
28 29 0
3.29914 0 0 0
28 30 0
3.17073 0 0 0
28 31 0
7.39288 0 0 0
29 0 0
7.25627 0 0 0
29 1 0
7.1198 0 0 0
29 2 0
6.98346 0 0 0
29 3 0
6.84728 0 0 0
29 4 0
6.71125 0 0 0
29 5 0
6.57539 0 0 0
29 6 0
6.4397 0 0 0
29 7 0
6.3042 0 0 0
29 8 0
6.16889 0 0 0
29 9 0
6.0338 0 0 0
29 10 0
5.89892 0 0 0
29 11 0
5.76427 0 0 0
29 12 0
5.62987 0 0 0
29 13 0
5.49574 0 0 0
29 14 0
5.36188 0 0 0
29 15 0
5.22832 0 0 0
29 16 0
5.09508 0 0 0
29 17 0
4.96219 0 0 0
29 18 0
4.82965 0 0 0
29 19 0
4.69751 0 0 0
29 20 0
4.56578 0 0 0
29 21 0
4.43451 0 0 0
29 22 0
4.30372 0 0 0
29 23 0
4.17346 0 0 0
29 24 0
4.04377 0 0 0
29 25 0
3.91468 0 0 0
29 26 0
3.78626 0 0 0
29 27 0
3.65853 0 0 0
29 28 0
3.53155 0 0 0
29 29 0
3.40539 0 0 0
29 30 0
3.28011 0 0 0
29 31 0
7.45516 0 0 0
30 0 0
7.31956 0 0 0
30 1 0
7.18412 0 0 0
30 2 0
7.04887 0 0 0
30 3 0
6.9138 0 0 0
30 4 0
6.77892 0 0 0
30 5 0
6.64426 0 0 0
30 6 0
6.50981 0 0 0
30 7 0
6.37559 0 0 0
30 8 0
6.24161 0 0 0
30 9 0
6.10789 0 0 0
30 10 0
5.97444 0 0 0
30 11 0
5.84128 0 0 0
30 12 0
5.70843 0 0 0
30 13 0
5.5759 0 0 0
30 14 0
5.44371 0 0 0
30 15 0
5.31189 0 0 0
30 16 0
5.18047 0 0 0
30 17 0
5.04946 0 0 0
30 18 0
4.9189 0 0 0
30 19 0
4.78882 0 0 0
30 20 0
4.65925 0 0 0
30 21 0
4.53023 0 0 0
30 22 0
4.4018 0 0 0
30 23 0
4.27398 0 0 0
30 24 0
4.14682 0 0 0
30 25 0
4.02037 0 0 0
30 26 0
3.89467 0 0 0
30 27 0
3.76981 0 0 0
30 28 0
3.64583 0 0 0
30 29 0
3.52281 0 0 0
30 30 0
3.40085 0 0 0
30 31 0
7.52425 0 0 0
31 0 0
7.38976 0 0 0
31 1 0
7.25547 0 0 0
31 2 0
7.1214 0 0 0
31 3 0
6.98755 0 0 0
31 4 0
6.85394 0 0 0
31 5 0
6.72058 0 0 0
31 6 0
6.58749 0 0 0
31 7 0
6.45467 0 0 0
31 8 0
6.32214 0 0 0
31 9 0
6.18992 0 0 0
31 10 0
6.05803 0 0 0
31 11 0
5.92649 0 0 0
31 12 0
5.79531 0 0 0
31 13 0
5.66452 0 0 0
31 14 0
5.53415 0 0 0
31 15 0
5.40421 0 0 0
31 16 0
5.27475 0 0 0
31 17 0
5.14578 0 0 0
31 18 0
5.01734 0 0 0
31 19 0
4.88945 0 0 0
31 20 0
4.76215 0 0 0
31 21 0
4.63547 0 0 0
31 22 0
4.50945 0 0 0
31 23 0
4.38416 0 0 0
31 24 0
4.25963 0 0 0
31 25 0
4.13592 0 0 0
31 26 0
4.0131 0 0 0
31 27 0
3.89122 0 0 0
31 28 0
3.77038 0 0 0
31 29 0
3.65064 0 0 0
31 30 0
3.5321 0 0 0
31 31 0
